293.60	6.20e-20
301.80	3.40e-20
309.09	2.40e-20
314.50	6.00e-20
319.99	8.77e-20
320.00	1.059e-19
324.54	1.370e-19
329.90	1.513e-19
329.90	1.640e-19
329.90	1.920e-19
335.45	2.190e-19
339.00	2.100e-19
339.00	1.830e-19
344.50	1.600e-19
350.00	1.740e-19
350.00	9.60e-20
354.90	1.100e-19
360.40	9.20e-20
360.40	1.280e-19
360.40	1.46e-19
370.40	1.92e-19
380.40	1.01e-19
390.90	1.24e-19
400.00	1.78e-19
400.00	2.83e-19
406.00	1.87e-19
410.90	2.87e-19
410.90	3.29e-19
415.40	2.15e-19
420.40	1.86e-19
425.10	1.50e-19
431.30	1.10e-19
431.30	1.20e-19
436.40	1.00e-19
446.80	6.00e-20
461.80	1.80e-20
480.40	5.67e-21
500.00	9.76e-21
